LIST SIZE: 1024000
757025.275
767119.558
796173.877
763913.651
857018.382
863678.493
840453.785
821534.773
768888.476
749958.291
764930.411
761209.014
786847.355
768219.668
747340.586
764187.429
767437.156
794218.954
784388.329
765271.115
784483.359
760591.367
774326.134
778748.196
764581.189
759945.537
778135.384
791958.14
783174.237
772899.94
772108.064
762870.743
789683.14
776095.955
790694.249
764862.635
762873.101
758822.352
909208.621
818175.059
764965.232
753489.395
744826.805
746754.362
744802.942
743923.148
738441.923
740826.401
749518.759
744280.307
742403.347
745707.346
740919.043
743783.744
747077.058
746737.574
749599.645
747694.775
774695.214
739778.158
747391.351
743063.251
746391.003
748391.609
758545.485
768931.729
747815.945
747588.968
744798.486
757889.438
755545.394
748182.723
750061.83
748876.78
747380.745
751404.591
749082.454
754732.747
743455.364
741440.568
770013.564
749019.219
738381.099
745984.453
741480.274
743036.707
737395.46
755189.644
746721.151
744898.799
737769.25
741795.816
740898.487
767711.019
742648.26
744155.631
742314.29
746473.929
742610.192
774186.096
